%YAML:1.0
---
SensorType: StereoCamera
SensorId: 0
CamType: RadTan
Intrinsic: !!opencv-matrix
   rows: 1
   cols: 6
   dt: d
   data: [ 1280., 560., 8.1640221474060002e+02, 8.1738388562809996e+02,
       6.0882658427579997e+02, 2.6668865652440002e+02 ]
Distortion: !!opencv-matrix
   rows: 1
   cols: 5
   dt: d
   data: [ -5.0040485799999999e-02, 1.2001217170000000e-01,
       -6.2598060000000004e-04, -1.1825064000000000e-03,
       -6.3505207999999994e-02 ]
Intrinsic_right: !!opencv-matrix
   rows: 1
   cols: 6
   dt: d
   data: [ 1280., 560., 8.1573555182699999e+02, 8.1690138212270006e+02,
       6.0551823756559997e+02, 2.5886424284880002e+02 ]
Distortion_right: !!opencv-matrix
   rows: 1
   cols: 5
   dt: d
   data: [ -5.9498796899999998e-02, 1.6063677120000000e-01,
       4.5858299999999998e-04, -1.7561082000000000e-03,
       -1.0952373579999999e-01 ]
Tbs: !!opencv-matrix
   rows: 4
   cols: 4
   dt: d
   data: [ -6.8049901165068150e-03, -1.5321499668061733e-02,
       9.9984997510910034e-01, 1.6423900127410889e+00,
       -9.9997699260711670e-01, 3.3462699502706528e-04,
       -6.8006599321961403e-03, 2.4740099906921387e-01,
       -2.3038299696054310e-04, -9.9988299608230591e-01,
       -1.5323399566113949e-02, 1.5841100215911865e+00, 0., 0., 0., 1. ]
IsStereo: 0
PixelNoise: 6.9999999999999996e-01
ImageSampleFps: 10
