%YAML:1.0
CamType: RadTan
Intrinsic: !!opencv-matrix
   rows: 1
   cols: 6
   dt: d
   data: [ 752, 480, 458.654, 457.296, 367.215, 248.375 ]
Distortion: !!opencv-matrix
   rows: 1
   cols: 5
   dt: d
   data: [ -0.28340811, 0.07395907, 0.00019359, 1.76187114e-05, 0. ]
Tci: !!opencv-matrix
   rows: 3
   cols: 4
   dt: d
   data: [ 0.0148655429818 ,0.999557249008 ,-0.0257744366974 ,0.0652229095355311,
           -0.999880929698 ,0.0149672133247 ,0.00375618835797,-0.0207063854927194,
           0.00414029679422 ,0.025715529948,0.999660727177902 ,-0.00805460246002952]
