%YAML:1.0
SensorType: StereoCamera
SensorId: 0
CamType: Equidistant
Intrinsic: !!opencv-matrix
   rows: 1
   cols: 6
   dt: d
   data: [ 848.0, 800.0, 2.8498089599609375e+02, 2.8610238647460938e+02, 4.2524438476562500e+02, 3.9846759033203125e+02 ]
Distortion: !!opencv-matrix
   rows: 1
   cols: 5
   dt: d
   data: [ -7.3047108016908169e-03, 4.3499931693077087e-02, -4.1283041238784790e-02, 7.6524601317942142e-03, 0. ]
Tbs: !!opencv-matrix
   rows: 4
   cols: 4
   dt: d
   data: [0.011515, 0.0111689, 0.999871, 0.23757,
         -0.999805, 0.0162023, 0.0113333, -0.0387247,
         -0.0160737, -0.999806, 0.0113533, 0.895076,
         0.0, 0.0, 0.0, 1.0]
IsStereo: 1
Intrinsic_right: !!opencv-matrix
   rows: 1
   cols: 6
   dt: d
   data: [ 848.0, 800.0, 2.8481259155273438e+02, 2.8597601318359375e+02, 4.2766159057617188e+02, 3.9712341308593750e+02 ]
Distortion_right: !!opencv-matrix
    rows: 1
    cols: 5
    dt: d
    data: [ -6.3794981688261032e-03, 4.1455611586570740e-02, -3.9464488625526428e-02, 6.9808149710297585e-03, 0. ]
Tbs_right: !!opencv-matrix
    rows: 4
    cols: 4
    dt: d
    data: [0.00460434, 0.0149135, 0.999878, 0.23791,
         -0.999804, 0.0193303, 0.00431569, -0.102691,
         -0.0192636, -0.999702, 0.0149995, 0.893894,
         0.0, 0.0, 0.0, 1.0]

PixelNoise: 0.7
ImageSampleFps: 30